0
6
10
10
13
14
18
20
22
24
25
28
29
30
33
35
38
39
41
43
44
44
46
47
49
50
52
53
57
58
61
63
63
67
80
83
89
95
103
106
109
116
117
120
123
128
132
136
139
145
156
160
163
167
170
175
177
180
182
187
192
194
195
199
204
206
211
219
222
226
228
235
235
236
238
241
246
249
252
255
263
268
270
273
275
279
281
288
294
296
299
301
303
304
307
309
311
313
314
317
323
330
333
340
342
346
350
354
356
358
363
367
373
375
377
382
384
393
396
398
401
406
408
409
416
421
427
428
429
430
431
432
434
435
436
438
439
440
440
441
442
443
445
446
448
450
452
454
456
469
474
476
479
490
500
509
517
521
524
527
532
535
538
543
